$ANSIBLE_VAULT;1.1;AES256
30653462333166646361303564383363626363393834366533393261373030633438646235366164
3432663461316265656432646565663766376630316163300a653734303562306165336437663734
35376661386463646562396262396364633864626662396639343761666663663139363862336330
6365666161383932350a666539336338363932313130383539346265386266626132643735353965
64363338666630323837666532303362363039353235373066643963613038306331663266373362
38363431666364313838353261313535383130313464623039656263356266326264646264313336
62666137333635666537623962353765346230333364653237643432646336303662386133616434
62373638663462323663383334653131306361663635393234623533323334346337633866363333
38623634353335646338663164393635373161313736343161323566346230633464356366663137
33383435373237313038636330326163653438383466336135383434623963623662353166643162
31333639373638346630323863663762633135623037653662303532666566623865643866653839
35323338303438303066383933323932653566343335343265376464373863613930373935333131
35343630393366343033393065373133383562656461386435643230376561303364663832666162
38323063653537373163306630383739333261636262396432613438333439633530653665616438
39616664656163346437386538343336646137646539383432663732313730346663633439323031
37626131396164363565393637313138656635353539656235363339386131313263313264393534
65383865383937313632663137316235313733366666613662656338333430383365623361346564
38623865383364373036653164313865333337376630316337646565323430636538303834363330
31336462633030323732393330353164323835336664383065373439393536326262336634396339
34386562346338636262643062393061353838303061313763376466353061613131383734633263
64376134373565333339613666626364653965386136663731333561343663653236383766373839
34646666633263303039343232343631383664623036383463633333313438396631626165313934
35373433613666396139303661356132313061376639373639323934633232646534333764393565
39313339353232386236373761306133613230346164636562336432613038326535663863353930
32363466356636326333383437356361363139616563363535323764626539633831333832643330
65316635636235373466666539356363636264663637306230646237633230663538313466653734
38613964383831383737623261653930356363303862343461666263363634363634346463316461
37623739353439613032386332666237376666313539393636643030643536326336326432613266
36363564346436666136313263393537393536653433666338643364646264333164333438323164
30313432336664623666633161613463626162376263623666373765323930343964366563333030
62613832393965393233643437313931323961656636626535323430366634666533373636346130
34323234323561333537643136653230333636303366666534343334366236643635383234643037
39333032383232623464356239646537313835666537343730653739353035346666633165346438
36376166623364383332316164363164346636653334336130363134303233326332623166663930
31613663306231646465316464623964313066386161346339333135313863633765663536356363
39666630303136353564356435653562333139656565323461346366346132333564656334353464
39333338623564356663346462663665353434626239326431376461363030346562666632396636
32326239383430653438366530336632313930656430386639666531626434356661366661333133
61666533646231313031313339386436346432323330373034373731313135653965623162373734
66343064386533326630613334326433646331373939376364333836353431366135306364636239
38636437323065656561383333656232626135363238663961393765376331633734383365366266
63343532636366663162326533363130653431653237366261616237303235373163383538646165
62616263636634623561393461373036366637343266636636386532616261386135306434346466
33373339353335373734306362353264343362306537623661663564623464386337636533386263
65383362303236636634373133373265353766346335366533643534386334636635663064333631
39326536626366353830653730386536336638383465633635356439626535663936636632316230
32613037336133656365376135366635666334376230323234393135303134613361303364313436
65333536313639393135343137336564376631633734306138366232623661383465343961613331
64353235633032613263626632303461333964643965613066373539663263313833616238613439
38323731663934353161663639326331343237663236353666333335663437343861306237333633
32313937636638333961656563663631366231353666303639343763303430336332633739363930
33323163323835653361333437623537386431393337653866386134633931313035343432656339
39366366613962383763366630353864653163366464636237396632636531323736393037323462
38363166346566663033323135323835633330333135616330366565646636306130636365316364
35353566356336663139303836373339353062663863613163666536633762636333656533353534
35396664653838323831616135633431356339393664323731353038396562626332356430346266
62653365313564643731306134663864623934643932333863363939353935393566636566383036
36623266386332666338613761643765303264636464386664386137383035633865326662336136
61613539303964313265653031646132623763623638346338663930316139366565313464333566
66666164643761656538353739323131303866353034383731323337383664346165643634366235
62653965653436323263646530306635333938396638656564323864313935666363633861373564
30626665306330376136306538656666396563346439653465666561346337346335306637356632
62383763323030613662386461323039313163353133633535613939663839656462363030656139
66343031666138666136303335333535306334643336333437376561366162653131383537383166
31363938336137376530383333356565386562393435333732336161643832666530653063653130
35383332363136623231306166613061376565313364303437363335363861313937333866333432
30316130383138613337313863323837623230646364306132383239653735343664306234376233
35333463386265373563656266353065303130313530386263373239333162356438663464386533
64643131316631646530316435656133663532376665326631343263353032666462396661333332
33663865653930656131353462616632303862336437626438363362626333336462613864323561
30653332396463303363653339376636623734666434666133616333386231363633613762386463
33363361376330633035376632656432383861663432653064666237316136303434373234633364
31356130343634633061626161623133323631393863613138366539333634303632386366333635
39393531383166326564353338616231323361393134666637366365356461636131346235396336
38303135373261623532326533336432623966643064636334303466623566326434613565313366
35373630643638663238323036356330353834643565356163613462663666626633616230626430
39396566343730313537373536323333633533643533666561363633623531373765623163393632
32396431396164393462353739383236306564636433643434376163626238373838353162363232
34346237633463356637643635333739653835326666366239363533333935663662363437333363
65616638333964663036636134313232373934386237346432386337636461663536313437353734
30353231336234656531383966623131666466306434623065303061386333356635366431643561
63643061373535653364663131633438343565353239323965613566336361383064346634353761
61386132373062373066616665306161383333363264393635353463633538643230663536633666
38306664316138383566336562643234383866356532356163333362653163613061656135303666
32333331616632316461393736623332343037316165333830646566623239313930633462326231
34616331363432666433613634396461623661383066386335316365323431366265616431356130
38633265346431653232656138376666623931613464636235613337393535396431613038643565
61306135656439646263323665396130313763353533653432653162633138316534643663373965
30326265353439333239663137343736303930376265616538393763313530613539633937626263
62346166313664373731333234343932383533356531616563653665366365613838333131303736
62626566353038303437373064323961333630626537353433356438353935613333633935643738
31333030396164383564383332616561386666653839383865616334386263613038316436663439
63366661366566353337386235336339306464343832353030646266636562376333653135303964
66643037373066623530623438353231666139336136303434373361386137313035303063343734
31356265303661633739636461323161396338333165316538303462653663306332353233623764
35383436346639363263626562353961336635316262616363623236666335303138306663653234
65373761363631306135363037653261333937336464333763623831373866313166363531363939
63666131353564336464383661646664363764653464633066323761303232643632303133373764
31313665393533613636633163626366386338633139313563363735646136643365343161613664
32363865373937356636393934366237383137323630623162626665336165303563633662353736
30313861396637663261336161656632613731363833376536343730656336376463666466393136
32613030393932313333326433376461396637336437663030643064343230633864323762313635
34633966633661383538396133373166643562343135326164383532653737363864393663323866
37613939366236646634623535343662376637623665383038303263616538346364316331626464
38653033656430313335646463343030636239373031333536643033336431326666353966386534
62373333363766616663323561363439366631316164373439313966363533346362363039376534
31343366343637316666653263623238613533366239386264626162346235373266633130376434
39376434343331636264643835613566366265613634313236363731613234636239343833626239
35346361646332666364363331656433353066623530303166366333656530316138326439313436
35366435323363613632303965343263336565626165333732623934333231306435313062656230
35373639323366363532613562336630303335666531346334366536306562373135383466386538
37313136303163656339613165313564656535346631346334646537333838386230366161393766
39626538366332343161373139313332626637326563343361663936653061356237323835343335
65666239366663366635373834356162626339346464353937383766373637633830313733616165
32623630653732613434623164363665386265646166643431656231356166366363343630613132
35626262663632373464343763653361663137303332633234326239643935316565623262643736
36333361626235663962666661383437376432623432396633363865633261356165303533336463
33646430373466346232613336353936666665303231663631636233393631373737363039653762
39393164643434386332353637386638343561386130386563373266336364393138663731646364
39363832653463313132643036326136666230313133633264313766343539646635313666356361
37326332636432356532666537333833316462393636383632393431346235333634326334633936
31363833363639333539613565616266333533626433363561613834653832653931656132343035
30303337636361626163353565626133623163353336643636313336353264633936656166396630
62633262613431643534373933326337383432626165313433643864613036353961393966393331
63343732613562376330663861616236383963346335666562353865336361636333326463616463
39646266663337323435323739643030343162326365363538643463663835373738376236303736
64346261303633636230373732616463653330383537636636316238313336643630353231353039
63326661383566346566346439633634653035316634396637623961333330316262626230643230
61656466666134393734313032386532366138623763346435626566356635633836366430383464
64313064623561316237646565306638643465376538633031343765393133666632386261663962
66653532616139663662313230376432366233636635383066646133643863363362626366316234
37373132663633643063646238313236663033656232333730343261616534343864306437643038
66666437393837363334323935336665656538393163386630396165626636653837616239343839
63646637653338613137616535313637636363653831636231653031303434396138366165373461
65663334323566646635343330313234336463383261356630336436623339633964323932353233
64336662306335393434306232323336303961633634653432363838633464303135353031663662
30396164326563643534643763626361336638316332666165353730313835336635366361396462
39663434303934313136396163316165303662313335393636383236363663306238353031313337
63346438376138316364313833366161646134326539363733313337326438396164363765373334
35363665373261343461663535666566396435663032633063653761303232623735373430643738
30353662343038666662343037393837313330656162383663306564313135363165353262656338
63323434343737643661386362323939356534343236356164303038353362633732333731313836
63306530353638366533356338653538343338623662353063343734623736663430316639393365
63353965653635636461393664366230626131376632363766396262343033383238653730613330
64623564373730343933353430366335356231303930356337323031346136643262623237353933
36666230376534663166663636336365633162643763386464623538633235316631376462313263
31336133396261353764316533653036326661356637356538356430376635373535313463623862
30316461366530653831316538376566356162653362646636636138373538336465396534396166
31333238656164393566376265316138333463643862326538303237353335643663663861336561
33636164633133393563323538616130663465633665326161363637633836383663316666343463
30316466613161393634366266373836323735333136656561323238643731316334373564336265
33623064326362656133323866663437313165623433636637626164656631636636373539313965
64633931663363363761343563363831376164376338373136623237323531336661393263383862
37376633383238346164393161363866353861646334643330303739663162656433373936323232
31386665386164303965356237643334353734646563363562393762336664383338303466323963
38363762653063313962313161643061303262613033363137646261663462346338646539663435
65626539323837313666633631373261313662633461623761303533656539343330613431616235
65656330383430653932363335383862323136366337323163633231646464363838316633343831
65393032643662326263323662663533633133323366333932343463323366373362623637666238
30393636666534373933316239653462333865386266343938383933373963666562633661323132
32333536393834353435656261326436646563356235303733373433383532636432353562393537
37343131623063343362653739393837346130656361653365373862663531663966623134386430
64366365373633343964623536356266306361363930623763366637643237343339653337646230
63363932626462653565616338626561646438646463663630363030306334313862336234323733
37646364633266313832333562356337333537616666383934373437623531646136336664633765
35383065653539373539346534316438306662613639623231393863386338316630613763383134
61333962313136613563363964383263626437323065623765623532353262613930613961656538
34333130303365326461663930663737396637646131396637323631303364383439323838663236
37656530616566643365303664383037323138666531336531616464336163636435366633303039
64653065323965323830366431663336353862633665333831616266326433343734633366363865
36343962326631333631333166653930346538613830376566666262633365323032653764653232
62373730366663306233306361653637373037343639653363343133323837376466373631663561
65346531653238373331383739376434353233636335643937313735333034613266326331356332
33626532343761623734376666643065366139323237386662313537303133323765623639316363
613263376331646531316636623962323463
